91
68
62
68
80
50
73
28
79
39
66
80
60
82
57
65
70
75
87
75
71
83
43
68
57
64
70
85
82
46
80
66
75
54
65
76
65
47
62
69
60
51
81
72
72
76
71
81
35
52
66
83
74
75
72
68
78
73
78
61
83
74
76
77
76
74
74
74
72
82
64
52
81
71
80
61
82
84
41
86
77
64
79
72
76
77
79
74
84
66
65
57
69
73
42
68
79
65
62
53
36
66
97
45
69
83
70
75
71
74
66
66
65
76
74
53
67
77
73
72
51
65
73
60
39
75
76
73
67
50
38
65
77
81
87
87
80
71
61
84
68
68
67
70
57
88
70
60
71
78
76
79
75
66
88
82
71
74
72
60
74
74
37
84
74
85
71
38
59
64
85
76
76
67
76
86
76
80
53
61
87
70
73
66
64
74
66
91
61
72
66
77
69
83
48
78
62
69
60
74
44
54
75
78
79
66
88
77
76
59
82
82
59
66
81
85
53
63
84
78
92
74
81
79
66
81
64
77
17
78
72
53
74
55
52
85
84
77
71
80
70
78
76
58
73
81
75
58
72
72
81
62
80
84
91
97
