63
77
87
77
43
86
71
62
45
45
69
59
83
77
63
71
73
36
45
66
53
56
65
61
66
80
62
55
73
70
73
57
70
70
72
57
72
68
61
34
62
60
75
60
66
65
82
76
50
54
74
63
68
49
66
74
74
75
60
68
73
83
53
59
55
79
65
90
41
61
73
65
54
58
72
84
93
44
70
47
58
71
39
65
57
78
77
58
68
48
48
59
58
54
68
84
64
80
82
50
54
68
45
45
55
67
65
56
70
50
58
82
75
76
49
83
69
72
73
61
73
60
83
65
49
50
69
75
64
55
73
56
61
51
46
76
60
69
53
69
71
83
70
53
71
56
60
48
47
75
47
78
54
83
93
82
75
74
71
75
72
64
60
84
67
75
69
84
84
77
60
80
67
70
59
78
63
61
71
39
26
75
