70
88
74
90
74
70
83
83
70
78
80
63
62
78
70
73
83
69
54
81
71
70
56
87
46
50
89
73
73
77
67
66
81
69
84
46
68
83
78
70
80
82
80
72
83
72
76
83
71
86
69
81
61
72
80
76
73
85
81
88
76
61
58
77
81
65
81
70
78
77
75
83
50
79
80
73
81
72
59
86
68
88
94
69
73
66
76
81
67
79
78
88
73
58
77
62
72
78
74
69
71
77
75
70
79
78
61
90
83
74
61
50
77
72
80
80
79
79
73
78
54
73
68
70
73
78
68
76
74
71
71
74
68
67
77
69
65
69
54
57
72
75
59
75
92
73
73
63
59
68
63
68
85
87
77
70
71
70
77
75
58
68
74
70
78
75
76
73
72
76
69
71
81
82
71
76
80
68
92
68
81
76
82
64
68
86
80
75
82
80
75
76
71
85
78
75
78
86
82
69
67
70
81
53
72
65
75
88
70
88
75
76
81
68
73
80
91
76
72
71
61
85
59
73
66
82
70
85
74
71
57
65
73
76
67
84
67
84
79
59
77
54
72
80
74
81
66
82
81
74
86
73
66
66
58
66
62
86
69
69
72
86
61
54
65
75
75
65
71
75
83
64
56
72
65
75
78
76
74
74
54
62
70
60
85
70
85
76
73
79
69
76
48
70
81
60
72
71
73
58
74
58
82
59
58
61
78
71
87
53
88
61
96
67
67
81
71
80
81
62
76
78
59
70
73
74
52
53
38
81
88
36
79
78
66
69
62
64
80
71
87
73
70
83
74
80
78
79
80
54
72
67
80
80
64
56
65
74
54
62
81
72
69
82
73
66
69
56
76
54
76
81
74
52
78
81
78
51
80
75
64
79
79
68
71
77
78
80
69
55
89
68
73
74
73
83
82
68
76
64
52
71
73
64
70
76
70
77
65
68
65
77
58
65
65
78
84
82
80
82
49
68
62
82
68
70
35
60
79
72
57
55
73
73
