68
51
45
75
64
63
92
70
52
78
81
72
77
70
73
69
66
70
39
78
59
63
72
65
68
34
70
59
60
68
75
58
68
64
73
69
75
70
82
60
78
35
65
56
65
61
56
80
58
66
62
44
48
76
76
69
85
57
77
47
49
59
62
66
84
70
82
70
45
72
74
66
71
71
67
72
49
58
64
61
82
69
76
76
69
43
61
80
48
59
68
66
48
82
65
80
65
61
64
44
59
65
65
82
49
50
70
74
55
83
57
79
71
61
64
59
46
73
43
65
85
59
80
48
51
38
79
69
39
55
80
55
63
57
54
65
71
51
57
61
41
85
82
47
67
78
50
73
80
56
65
54
43
74
75
52
67
56
44
31
54
88
59
60
67
69
38
59
71
37
66
83
65
59
55
75
77
58
23
49
39
78
55
69
54
32
50
53
61
50
60
78
56
62
85
58
60
37
60
74
70
48
86
48
35
68
43
