78
66
56
76
78
66
73
74
80
66
62
76
82
70
56
67
88
79
79
57
87
71
73
65
53
73
68
72
78
73
80
74
80
50
73
66
63
52
78
70
70
78
78
70
75
75
50
67
67
50
78
75
71
50
63
78
67
46
75
79
71
56
77
79
36
74
70
80
80
53
70
73
61
76
49
83
61
79
53
55
75
62
79
61
75
51
85
81
68
85
77
83
71
72
82
68
82
78
63
79
77
73
69
80
80
65
75
75
81
66
80
82
65
80
61
69
75
54
54
74
72
77
79
76
68
62
75
70
57
69
70
65
81
79
84
73
78
72
72
33
70
57
82
75
69
74
80
68
62
72
81
81
65
69
83
73
82
76
61
56
75
68
75
75
76
67
93
70
79
81
70
55
23
74
65
71
82
81
59
65
81
80
69
38
69
68
71
58
55
62
63
50
71
71
68
77
83
70
60
84
59
60
68
71
62
74
78
70
78
72
72
42
66
69
84
67
75
75
70
88
74
61
70
78
65
80
76
70
52
60
71
65
58
65
58
58
65
61
65
61
29
69
56
60
83
81
67
85
76
68
70
60
72
34
76
55
66
66
77
64
80
78
52
58
77
64
79
77
74
56
54
82
64
53
82
77
80
61
69
72
76
84
74
80
73
64
77
59
80
66
75
68
78
65
66
70
64
74
78
74
67
82
70
68
69
76
59
72
66
66
56
71
70
69
69
74
66
71
70
66
82
73
73
60
59
77
82
84
77
89
79
85
80
74
80
68
72
84
68
53
73
64
78
60
71
72
79
75
73
42
52
58
63
77
77
87
86
76
49
47
68
59
84
69
67
78
73
68
75
74
75
87
73
71
77
80
79
74
79
73
75
75
77
70
70
55
78
46
70
58
74
76
59
71
78
68
63
42
46
68
65
81
70
70
68
69
76
71
60
63
78
74
69
78
74
68
71
78
82
76
90
71
55
72
80
82
41
78
68
54
74
65
63
79
75
65
69
79
76
49
61
76
63
74
63
69
78
78
81
64
78
53
75
80
86
79
86
73
86
75
70
77
67
83
76
83
81
75
85
52
48
63
46
70
83
78
82
79
82
70
71
67
70
68
74
90
75
61
64
50
58
67
77
73
83
83
70
59
79
67
74
78
72
75
62
81
63
36
59
59
73
68
55
74
87
84
60
35
71
55
63
72
78
84
58
69
80
68
61
81
79
77
43
65
84
66
68
42
74
81
54
73
70
59
