72
77
75
65
81
80
70
85
85
72
80
82
68
64
54
68
85
77
77
84
77
64
69
82
77
78
80
82
71
80
71
82
75
78
61
82
76
81
84
72
67
89
73
69
84
61
61
85
76
76
85
70
72
78
82
82
75
74
85
78
80
78
81
83
74
83
92
76
66
70
57
75
88
79
86
77
81
76
84
78
70
73
81
74
70
73
68
67
73
81
70
73
86
73
81
90
77
80
69
90
77
77
79
70
48
77
75
70
57
79
80
68
79
75
88
68
63
76
82
83
83
76
88
88
74
59
76
61
67
77
90
87
67
68
60
60
66
57
74
67
71
55
68
59
71
57
64
70
70
60
70
83
64
80
80
79
71
71
63
79
71
69
84
74
83
60
74
65
69
63
50
85
71
81
60
81
81
87
77
66
77
77
73
81
76
78
84
80
78
90
76
87
76
90
85
76
76
59
80
71
77
53
74
85
79
85
65
75
73
74
68
88
74
