64
54
87
77
78
54
84
60
77
78
72
70
58
81
81
68
69
90
73
83
77
57
65
65
77
60
78
81
77
68
87
69
73
55
72
77
69
71
72
63
62
66
84
89
82
82
87
78
75
65
69
81
67
82
73
74
75
82
71
52
66
86
83
65
76
86
79
84
79
94
58
67
85
74
76
64
64
66
66
68
72
70
59
68
77
83
69
89
61
64
84
75
74
85
62
65
66
88
81
82
80
85
92
74
67
84
70
84
71
87
79
85
72
83
77
83
65
81
85
76
81
65
63
83
79
63
70
76
78
64
68
80
61
74
78
60
87
71
83
65
83
73
82
83
75
74
74
77
79
82
79
84
87
77
69
68
74
67
89
69
77
80
54
79
81
79
76
66
75
59
66
63
82
72
73
59
43
68
71
64
79
78
66
74
72
69
85
69
72
88
79
95
87
83
81
78
80
74
86
52
86
74
52
86
66
79
75
72
88
75
87
44
71
74
73
76
76
67
72
80
69
80
70
72
49
75
65
65
56
68
78
60
76
76
64
80
73
77
73
81
63
75
65
74
81
80
72
81
15
78
87
80
61
66
70
57
78
84
65
65
63
40
69
78
83
83
84
83
79
88
57
86
70
77
77
81
82
69
66
50
85
78
69
78
68
73
61
66
73
81
73
66
81
81
63
58
76
70
75
54
83
76
79
74
77
78
67
80
52
79
68
62
76
75
79
54
84
68
65
75
65
78
57
81
65
76
84
65
65
67
87
71
67
63
57
73
70
73
49
83
83
77
76
69
80
70
68
53
71
53
78
70
86
73
67
76
84
80
83
92
