51
61
57
43
50
71
79
58
69
81
28
43
72
77
61
64
74
70
57
61
83
68
32
73
33
80
67
70
71
73
68
41
75
61
61
75
54
60
44
58
71
69
69
48
53
72
72
57
78
60
54
81
45
26
64
44
53
66
73
61
64
71
46
59
61
79
83
77
83
66
60
38
38
56
55
76
65
90
62
78
31
67
67
67
78
68
68
64
33
72
60
72
31
77
73
70
81
53
58
39
35
81
39
77
65
78
70
66
66
71
60
58
60
73
83
43
56
20
19
65
56
64
68
70
71
55
51
72
67
38
69
72
35
52
57
86
40
67
56
79
64
66
56
61
47
56
63
70
75
40
79
48
85
85
39
55
75
61
76
67
64
62
82
42
42
72
76
58
74
68
71
22
63
56
60
66
34
55
74
70
63
82
62
63
40
46
78
65
76
61
66
