83
80
64
76
65
78
58
79
61
87
44
68
66
82
71
56
69
83
67
69
85
46
78
56
87
93
80
87
70
80
63
58
69
57
86
66
62
65
60
80
29
79
75
80
82
81
72
80
76
75
86
63
48
53
70
86
79
80
77
56
62
72
78
73
64
82
78
64
73
77
67
75
79
73
79
78
80
49
59
69
83
59
78
88
84
86
77
66
61
66
73
57
73
58
65
70
76
67
67
50
77
81
72
41
70
52
83
72
73
73
75
58
78
84
74
53
74
75
60
69
77
84
70
74
74
79
89
76
86
76
46
83
56
80
74
87
82
51
53
80
75
89
79
82
58
80
82
71
70
65
67
61
74
78
75
67
77
87
80
79
72
77
53
75
78
76
93
63
80
69
76
59
90
78
55
39
78
57
65
67
76
69
63
82
54
52
60
88
88
53
74
70
40
76
76
52
84
63
86
86
82
69
65
62
82
89
80
75
75
80
70
63
60
77
72
63
48
48
58
61
68
84
66
78
63
78
75
80
89
62
64
63
63
83
89
81
60
75
76
80
82
87
73
82
77
69
66
65
77
62
39
64
72
76
67
74
83
74
84
60
80
68
66
71
60
66
70
81
64
91
50
64
56
82
77
83
62
70
70
75
62
81
77
70
55
75
74
69
76
66
28
82
75
75
41
72
79
78
79
78
79
75
83
82
45
91
59
82
82
83
82
72
75
76
63
73
78
72
86
68
63
78
65
51
72
58
82
82
74
90
71
61
61
54
76
80
63
57
67
81
49
71
79
72
83
74
68
85
75
50
70
64
82
78
88
78
88
66
54
81
54
58
61
80
82
62
69
83
77
73
79
80
78
79
60
79
80
73
73
66
76
80
66
70
46
76
76
55
63
74
70
76
76
62
79
84
86
60
72
68
53
74
58
52
64
76
71
70
70
73
72
68
62
80
68
63
77
54
80
77
72
60
79
67
80
78
72
67
76
76
72
60
67
67
71
77
61
44
80
49
77
63
59
74
48
82
68
74
73
79
74
64
53
79
72
65
71
86
72
73
74
76
74
58
54
84
55
63
77
62
49
64
79
79
74
73
55
66
48
47
54
72
74
79
33
73
69
79
53
58
46
73
71
71
60
77
84
80
54
31
36
71
68
80
80
73
64
92
72
79
90
84
56
56
74
71
71
70
87
67
81
68
66
78
74
73
81
68
69
73
46
75
72
86
67
74
85
68
68
67
72
64
28
34
92
81
72
69
69
64
67
51
70
51
42
73
85
61
63
70
60
68
74
73
68
70
78
