64
58
36
77
55
78
76
83
60
72
73
83
73
79
71
75
83
60
71
80
58
74
61
83
61
70
62
64
59
65
56
79
69
54
27
53
48
79
75
80
69
80
80
80
83
75
67
47
65
73
73
75
62
76
63
74
46
71
58
66
72
74
75
69
51
61
86
85
72
55
68
68
84
63
54
75
69
77
74
25
46
62
65
73
65
77
85
80
75
57
70
83
86
76
71
49
76
67
71
69
73
74
79
70
57
64
75
62
79
73
85
73
72
83
75
44
59
79
56
41
54
73
62
83
81
80
70
74
68
61
73
71
75
75
65
74
84
64
73
71
74
90
63
60
43
91
81
79
71
81
77
77
64
61
42
81
87
84
78
50
84
75
79
65
77
86
71
69
67
70
86
61
60
76
67
72
77
46
76
73
72
75
93
58
74
70
81
80
56
61
79
55
79
46
87
74
59
85
59
80
79
73
54
64
74
68
76
68
79
84
82
88
72
68
74
78
78
71
69
60
79
63
82
54
74
64
50
73
55
69
65
54
65
55
65
76
71
78
64
83
81
66
89
65
74
84
87
61
74
76
81
60
77
71
68
72
66
73
62
43
74
45
74
75
85
74
79
78
77
70
74
74
65
62
71
88
53
79
88
72
88
78
69
74
69
54
65
82
76
82
62
75
62
74
74
80
73
55
78
38
61
84
52
85
60
81
83
65
62
59
64
85
71
73
38
84
62
79
66
48
60
72
60
82
79
68
53
79
59
77
68
33
65
62
79
71
80
80
60
70
78
69
68
64
81
74
38
75
62
70
71
80
64
70
67
76
74
75
55
58
83
76
79
68
68
85
65
71
62
81
81
67
64
78
48
81
79
64
78
78
61
54
74
59
87
58
83
74
71
85
67
77
74
80
85
55
75
62
74
81
48
54
69
74
74
76
79
64
66
68
62
77
73
62
79
76
45
63
66
62
81
82
57
70
82
73
88
85
74
74
78
80
81
84
60
60
70
86
61
70
51
59
82
70
44
64
84
70
62
56
78
61
75
69
64
73
72
56
85
87
41
75
66
83
79
83
77
73
68
76
83
75
72
67
64
75
66
62
56
71
66
86
75
73
51
77
48
84
71
69
88
58
79
69
61
69
72
60
67
77
76
77
75
72
80
74
67
36
74
78
71
63
66
43
71
80
51
80
83
67
67
67
76
73
51
73
84
71
73
71
66
34
73
