66
78
75
70
64
70
75
82
69
81
72
77
70
81
70
76
85
76
50
69
81
65
84
64
79
79
75
60
76
70
76
69
69
83
76
83
75
51
62
87
64
75
75
81
69
83
68
83
69
61
74
78
72
92
49
68
75
56
67
81
52
78
73
52
65
77
77
77
64
80
83
74
68
67
68
89
48
66
59
48
72
61
71
63
80
83
77
82
62
73
79
69
51
65
68
78
75
86
76
84
86
72
72
68
76
82
90
90
71
70
84
82
73
78
83
88
87
67
78
70
76
64
74
81
73
67
87
73
67
89
75
87
78
78
69
83
71
76
64
84
74
79
77
77
54
81
54
69
57
69
72
53
77
63
79
82
69
90
74
77
71
71
50
83
84
77
70
93
81
62
82
56
73
79
75
54
74
77
64
61
96
63
70
80
65
74
72
92
64
73
81
83
84
82
76
81
73
73
82
88
69
81
81
77
75
81
70
74
55
55
75
68
61
68
75
78
84
77
76
80
57
77
58
76
76
83
82
78
70
67
80
90
86
60
79
74
86
85
72
72
82
73
71
71
92
65
79
79
78
79
80
52
85
79
60
76
59
61
76
72
63
70
74
87
75
83
64
94
55
77
74
80
77
78
84
73
84
64
76
71
53
72
71
83
80
88
81
90
85
77
69
80
