69
64
39
73
45
33
74
69
36
48
61
52
70
42
51
49
69
62
80
69
73
92
82
72
82
69
42
74
77
92
59
43
81
66
50
68
73
69
54
84
76
68
74
68
87
56
33
74
78
59
58
73
64
79
75
75
51
82
50
73
67
84
50
59
73
70
81
63
65
63
68
93
57
66
40
58
55
76
59
84
47
68
75
51
63
81
66
56
53
84
84
54
57
42
45
61
62
73
53
52
72
87
59
37
51
57
64
75
66
71
73
59
79
30
78
71
51
56
63
83
56
74
71
52
52
54
58
69
46
68
75
81
48
62
77
51
87
59
58
48
82
73
66
69
74
58
70
58
67
44
62
87
71
51
75
62
71
53
76
94
69
68
85
81
76
43
59
83
79
62
82
65
55
84
44
77
58
69
70
66
72
53
87
39
76
39
77
69
73
