77
81
48
57
68
85
83
58
47
63
60
66
78
60
60
48
91
67
78
59
86
63
76
57
77
36
46
63
82
55
62
63
70
60
72
66
54
71
66
82
84
66
91
72
67
39
73
51
73
73
78
62
80
66
70
62
75
76
77
62
95
57
84
70
61
47
66
65
71
82
81
70
64
55
74
71
58
60
32
57
83
49
81
83
83
64
65
73
52
84
85
69
77
56
79
68
69
56
77
77
67
86
82
88
83
75
68
48
58
88
59
82
59
49
71
43
65
58
61
73
76
93
63
68
80
62
70
78
87
53
71
48
59
61
81
86
90
54
80
80
91
71
60
72
62
46
90
88
61
76
59
61
80
77
55
79
81
57
87
77
34
75
58
54
84
74
51
70
75
61
48
73
64
79
76
79
65
73
71
85
60
65
54
80
73
72
68
72
64
85
83
57
71
75
59
70
65
51
85
53
67
78
70
70
65
57
77
63
90
55
77
61
63
74
70
68
80
93
84
67
64
68
85
79
66
65
64
83
78
70
64
42
80
