81
81
71
56
66
64
66
78
66
73
48
57
56
46
64
51
73
85
79
35
66
63
69
81
66
76
81
73
85
76
82
64
77
83
61
77
38
75
45
68
57
59
41
86
59
68
69
59
78
92
58
85
60
56
80
87
72
84
65
77
60
71
66
69
59
61
55
58
78
78
62
73
51
73
85
90
65
83
89
81
57
59
89
79
51
93
63
68
54
58
32
69
86
87
71
48
67
51
70
81
59
79
67
78
82
89
85
88
61
78
68
73
60
90
70
68
91
78
61
92
65
72
84
72
63
62
59
93
77
67
94
65
66
80
85
69
41
66
79
69
94
67
65
82
67
74
65
74
67
72
55
70
52
65
49
62
45
62
83
66
79
71
61
71
69
55
62
63
76
90
86
58
85
89
68
80
78
66
75
73
86
54
59
69
57
76
87
56
80
78
93
61
81
64
82
46
79
87
76
78
83
59
83
78
87
59
66
73
63
78
75
74
56
71
87
50
53
63
68
72
67
73
83
80
68
72
