63
81
72
67
83
63
57
63
59
59
38
83
67
50
46
74
57
59
75
78
65
75
48
77
73
76
74
60
69
79
30
71
54
88
60
38
58
73
84
51
54
89
71
82
58
55
56
79
88
56
49
82
88
95
85
66
53
80
86
94
73
78
56
63
82
82
47
72
61
75
78
84
59
61
71
70
44
90
89
83
63
89
67
85
79
68
86
55
84
70
58
62
64
72
73
63
86
73
70
79
76
68
57
31
79
65
82
58
85
77
65
64
47
50
73
74
66
49
47
61
59
84
67
79
82
78
53
62
76
93
95
60
73
71
83
80
39
91
50
24
63
72
71
75
77
33
59
51
76
37
83
81
61
64
69
64
47
81
59
68
57
74
59
88
78
85
73
62
69
74
63
76
73
73
67
76
80
56
53
68
50
81
60
80
67
73
44
52
94
65
65
85
73
65
81
76
74
69
68
71
81
57
59
80
73
82
64
77
72
71
73
84
84
76
49
71
78
70
62
67
78
64
27
71
64
89
54
78
