59
85
77
78
82
54
66
61
57
65
50
45
73
63
89
60
53
82
66
68
71
84
68
77
68
67
78
78
69
91
50
43
43
63
84
45
77
69
70
53
60
60
53
96
74
81
67
86
68
75
80
59
69
56
66
71
60
76
77
91
72
60
76
84
76
68
64
58
49
80
78
82
58
82
65
60
62
80
45
45
76
76
78
54
71
67
75
83
67
84
77
74
48
69
66
72
83
62
86
82
74
53
83
74
77
68
90
60
57
61
69
81
70
74
78
46
61
78
73
52
48
52
83
51
74
78
88
71
71
58
67
77
56
64
67
70
87
35
70
57
74
64
86
74
71
64
59
68
72
58
73
48
71
69
57
59
73
67
60
70
58
47
75
75
51
58
51
84
71
65
52
78
78
78
47
69
87
74
49
50
61
46
50
56
94
84
79
64
82
63
68
78
81
71
84
88
88
53
88
52
87
78
73
89
72
59
58
73
51
58
75
89
51
73
77
91
59
53
56
68
57
63
84
39
