67
82
80
85
75
83
59
83
59
59
52
62
77
65
72
39
59
80
63
61
62
87
51
50
65
64
41
80
76
53
64
66
82
76
92
53
48
88
89
72
70
63
76
50
67
72
85
70
75
78
61
76
71
67
70
45
58
78
66
74
70
59
80
70
80
63
41
70
96
77
77
82
77
72
55
73
81
81
90
81
73
58
89
65
90
81
50
79
90
80
75
74
92
67
68
74
84
82
47
69
62
70
59
86
60
84
80
59
60
71
76
69
83
80
50
79
70
79
65
50
65
44
59
74
86
89
78
58
72
65
63
79
70
65
79
63
41
45
61
90
81
43
82
67
43
54
63
53
65
58
76
79
83
74
71
74
77
74
69
70
50
46
83
57
74
51
61
80
71
67
83
80
69
66
70
46
57
62
87
31
89
57
72
61
73
69
76
77
39
67
81
95
66
71
73
84
67
68
84
67
65
66
64
49
65
62
80
78
60
81
68
47
75
57
53
76
43
42
78
76
78
53
71
70
66
61
78
76
82
68
44
29
54
76
72
90
82
65
65
84
82
83
68
51
84
64
74
45
75
66
61
84
85
65
82
55
70
83
76
63
63
79
70
89
44
91
53
67
94
57
67
47
62
80
