88
76
65
79
70
64
83
66
58
73
50
69
73
66
77
48
84
79
59
31
72
79
56
67
91
47
60
62
54
61
73
78
90
73
66
89
71
86
52
88
85
48
75
60
47
43
65
60
65
66
64
63
87
63
74
91
56
50
39
78
61
73
36
77
77
45
60
82
45
86
77
60
58
84
76
36
75
54
61
74
56
80
85
89
71
58
75
89
80
65
58
43
81
84
74
62
74
47
84
72
50
80
78
59
62
74
76
58
80
45
61
36
76
55
70
52
76
61
74
88
70
81
85
80
66
75
75
49
62
77
83
64
70
72
41
87
79
61
85
57
67
87
79
77
62
43
77
73
71
78
86
86
76
78
66
64
58
46
66
77
82
85
81
57
85
70
75
57
85
68
77
80
41
68
72
33
68
67
82
92
60
75
87
81
81
67
81
79
87
88
75
42
59
61
72
63
70
51
83
68
72
80
92
78
83
79
73
88
88
74
78
85
87
44
77
81
67
64
65
88
75
74
67
64
58
81
76
70
59
56
74
65
56
82
87
