73
68
73
78
94
66
75
85
90
75
40
73
64
68
74
88
83
40
83
83
82
59
83
72
50
82
61
73
76
64
70
58
73
84
73
85
76
90
69
79
59
55
77
85
55
67
41
67
57
77
89
72
78
81
89
74
78
72
71
44
74
65
90
75
74
88
82
72
66
64
68
74
65
64
74
75
81
91
82
84
71
78
56
79
86
67
43
89
83
87
49
83
78
80
77
78
58
64
58
83
72
84
84
86
34
47
67
82
62
79
79
70
62
49
84
77
56
77
70
71
71
75
81
73
67
55
55
75
82
56
63
66
74
71
74
39
70
79
78
87
63
63
44
63
68
53
77
57
70
54
75
65
84
79
73
61
82
49
74
72
81
75
70
65
52
58
70
72
73
74
92
78
77
64
65
64
76
64
84
87
68
53
50
93
55
72
81
53
77
31
71
75
64
64
86
73
62
73
76
81
79
72
77
81
69
81
50
79
79
71
66
33
60
64
62
71
80
70
