67
62
59
52
87
63
44
72
78
27
60
74
66
65
60
60
82
61
91
91
44
50
91
53
70
75
93
62
24
80
94
57
69
87
76
75
78
66
53
79
87
86
70
83
91
81
63
83
55
46
58
96
83
53
61
75
87
76
63
89
43
59
81
83
73
83
69
81
61
82
74
68
66
48
70
88
84
62
74
66
55
88
81
87
73
86
70
57
91
61
71
85
85
85
61
63
74
43
79
46
57
89
86
59
68
64
80
84
80
47
87
67
66
78
76
72
88
63
62
73
78
71
65
81
79
70
81
77
71
72
67
85
36
52
85
65
43
84
71
62
80
70
72
17
73
54
86
71
68
67
80
83
86
76
76
66
61
70
51
66
75
55
77
84
66
59
68
54
74
90
61
91
51
35
72
78
75
94
87
79
80
50
66
73
74
65
49
84
66
70
54
79
47
