75
86
82
67
62
81
40
55
73
40
79
40
80
75
68
88
76
76
76
34
60
71
74
33
70
72
51
88
74
49
80
76
73
72
86
82
85
83
70
58
74
77
77
84
72
83
62
86
84
78
35
66
97
55
77
80
50
80
77
71
91
61
71
86
42
61
64
73
83
76
78
69
65
76
84
69
75
62
74
75
78
82
78
61
75
55
67
80
68
38
71
42
77
93
78
48
40
13
61
13
81
80
87
83
95
70
72
63
82
74
75
64
59
80
63
63
82
70
62
70
60
80
45
80
77
78
62
84
70
67
67
67
74
94
61
63
58
81
55
86
34
65
80
80
66
52
70
51
87
68
77
71
90
86
87
56
63
85
79
80
75
69
77
69
68
43
64
82
75
76
49
71
72
85
71
85
71
