52
71
78
70
67
78
71
57
76
83
80
91
79
61
60
68
81
68
43
78
82
76
79
90
75
68
76
74
77
79
83
84
77
76
84
80
81
79
55
41
75
84
79
80
71
69
70
75
75
68
76
67
63
64
77
65
53
60
76
75
67
71
79
76
85
64
70
69
62
51
72
44
76
73
72
58
64
74
64
77
85
79
51
61
85
81
76
67
75
80
56
85
55
59
60
48
73
87
74
76
77
37
40
58
70
72
68
81
68
89
72
67
56
64
79
66
69
73
66
26
76
81
59
74
70
63
69
70
41
75
70
67
76
76
64
83
76
74
60
81
78
76
69
62
46
35
82
63
81
63
71
71
59
77
78
88
70
86
77
57
64
61
83
65
67
83
73
77
70
68
80
69
78
58
81
80
63
86
50
73
54
68
63
71
63
93
61
62
69
60
82
68
74
75
75
75
74
73
60
71
61
65
79
49
49
78
76
75
68
74
84
74
68
59
69
56
76
75
80
82
82
78
79
68
78
73
82
73
73
53
74
79
81
68
76
43
56
77
76
65
61
63
87
70
77
75
51
67
64
79
71
55
60
95
71
67
76
67
75
81
78
68
75
79
48
69
63
82
71
87
75
74
77
54
83
85
60
68
79
71
67
73
59
78
74
81
57
67
54
64
80
46
82
75
80
71
67
81
85
77
81
82
89
70
77
56
77
74
59
82
69
55
53
76
72
59
70
65
33
46
46
70
66
58
77
88
76
74
66
79
49
77
73
79
57
77
57
52
