74
79
77
71
77
80
67
87
77
80
71
75
79
76
75
70
70
79
57
72
56
74
71
74
69
54
72
62
70
59
59
66
77
73
60
56
73
26
74
68
61
76
65
73
70
67
82
83
72
61
46
57
79
76
71
67
63
45
54
80
53
87
81
70
68
58
75
75
75
77
41
65
71
66
66
79
58
76
59
73
58
76
79
66
76
71
80
81
79
71
42
46
65
68
71
73
40
76
70
69
83
76
75
78
75
68
56
84
71
70
62
78
68
82
67
67
85
65
85
66
81
79
82
57
56
67
72
64
52
60
69
85
63
65
80
75
72
82
73
65
85
83
71
70
66
78
42
45
72
85
75
69
71
77
56
75
77
78
78
74
76
65
67
70
85
79
78
48
73
61
80
73
78
69
69
81
93
79
68
86
70
65
84
82
74
64
73
86
65
80
72
75
63
81
77
73
62
86
92
50
81
71
81
75
72
76
70
81
76
85
72
75
72
65
70
56
65
54
54
75
79
78
72
85
73
63
75
83
78
64
61
64
81
69
82
64
72
68
68
62
66
75
86
58
64
62
50
69
63
70
46
59
80
77
76
67
65
54
75
60
71
67
88
64
88
58
54
72
56
38
85
75
67
70
55
73
72
58
85
82
61
71
75
77
60
75
64
76
50
86
80
62
72
74
68
71
74
68
72
74
59
67
71
69
78
64
87
73
55
67
61
79
71
66
71
67
68
84
65
62
73
79
77
69
78
79
76
78
83
55
48
46
48
76
46
64
62
83
84
68
60
68
75
59
76
79
72
76
64
67
76
58
68
76
68
77
79
77
75
93
56
77
71
67
59
61
73
59
67
69
64
60
56
61
69
69
84
85
82
59
67
72
87
71
63
77
71
39
60
80
70
76
66
72
72
76
83
65
54
70
74
74
71
31
88
66
70
78
51
66
66
62
78
89
66
76
73
67
81
71
87
66
62
75
76
77
78
78
63
68
69
72
67
88
72
52
61
53
67
70
50
70
65
54
77
76
74
68
70
75
49
56
76
79
74
85
86
49
80
76
63
76
49
67
84
45
84
