72
80
47
80
59
70
73
76
82
83
72
80
76
65
73
72
73
63
64
65
70
82
82
75
59
67
79
79
58
59
72
64
55
52
47
74
72
82
72
62
77
80
67
72
78
70
68
83
64
62
75
77
80
67
85
78
78
72
80
43
79
82
78
55
72
63
61
82
39
72
75
80
81
73
87
47
63
67
80
82
75
77
74
66
75
73
73
56
57
76
70
75
81
79
52
71
86
82
76
62
61
59
60
78
72
82
63
70
82
78
77
72
59
79
78
89
77
80
80
80
81
69
79
47
68
67
79
82
82
61
77
69
77
83
74
60
69
63
83
74
78
63
78
70
79
73
72
76
58
50
45
63
68
81
80
84
67
58
75
44
59
74
86
76
53
82
72
61
75
69
57
64
91
56
55
60
64
78
67
84
53
81
83
80
71
56
63
83
75
67
75
74
66
76
78
74
68
76
63
31
77
73
80
75
68
60
80
74
41
75
72
74
88
66
80
78
74
63
80
65
81
67
75
74
74
78
83
81
86
55
71
82
58
63
71
59
68
59
80
64
67
71
75
83
67
69
70
80
73
62
72
76
65
55
82
72
80
75
62
60
69
63
86
31
45
54
64
67
90
69
74
82
75
58
68
82
64
82
53
69
88
63
59
36
39
66
37
83
68
72
77
84
91
57
56
79
54
58
64
67
71
76
58
86
80
71
66
57
70
62
69
56
64
65
52
70
71
71
69
46
72
43
89
63
71
65
83
73
70
65
79
81
80
59
59
78
52
73
62
68
49
81
69
