75
63
75
81
54
72
44
65
84
58
65
41
72
72
54
70
65
72
87
80
76
81
70
59
75
73
80
64
67
73
80
87
81
71
55
79
74
68
64
65
64
71
86
71
70
73
53
64
62
46
65
81
82
82
89
77
67
68
71
59
66
80
64
64
71
70
28
83
72
75
63
97
74
68
77
42
76
84
57
70
38
73
78
66
80
61
72
74
77
83
67
76
68
66
83
76
50
90
83
72
82
78
81
78
73
83
75
81
65
53
61
85
71
85
78
70
75
62
50
61
71
75
71
79
53
80
75
72
58
49
82
73
64
60
87
68
63
82
71
85
72
86
62
61
92
79
73
80
74
83
75
65
79
79
85
75
71
75
84
57
65
61
68
69
60
76
83
75
64
67
78
73
75
73
72
80
67
76
64
77
87
66
81
70
66
55
80
75
80
75
63
66
63
68
80
64
56
89
78
75
58
87
58
75
78
68
54
77
63
67
67
77
64
67
71
70
57
73
63
70
80
64
64
81
67
75
43
64
81
62
69
68
67
83
77
66
72
62
71
80
76
67
70
36
55
75
70
76
49
63
49
75
37
83
81
83
78
84
82
82
55
35
69
78
79
73
63
45
72
65
58
84
67
73
58
73
74
78
78
82
50
68
61
63
63
50
68
78
85
66
70
67
68
77
78
64
74
56
82
94
83
82
72
55
67
54
70
88
67
74
73
70
73
47
66
72
61
49
59
81
81
74
88
61
82
42
88
84
78
46
61
71
45
80
75
55
82
73
67
76
68
33
68
75
65
71
74
60
83
72
68
85
64
77
45
50
68
85
64
67
80
78
76
73
69
85
67
64
68
37
64
70
66
72
60
72
62
70
63
59
63
69
82
63
71
82
65
69
67
55
78
78
63
79
58
91
48
67
71
76
71
68
68
79
90
87
91
68
59
69
73
83
77
62
68
73
59
64
63
67
87
77
