58
80
80
56
74
81
73
67
66
54
86
59
74
82
67
82
79
76
73
72
77
84
43
60
71
81
37
71
81
64
67
79
65
81
65
78
81
73
73
75
82
72
48
72
75
88
65
68
69
64
73
62
21
77
71
43
84
81
89
58
81
32
63
76
71
77
74
78
50
73
71
61
72
63
69
74
51
55
72
69
55
89
73
73
79
78
71
71
53
68
88
40
60
71
53
78
71
68
72
40
60
57
62
53
71
74
75
77
83
88
52
69
52
66
84
72
59
74
72
69
77
44
68
83
77
69
73
48
69
71
69
57
75
83
85
67
70
82
67
67
87
77
66
72
46
68
70
79
69
64
58
68
66
88
61
62
75
69
78
85
84
72
77
66
78
72
66
54
53
72
60
74
55
69
74
41
78
64
56
82
77
71
69
53
68
68
75
82
77
72
72
82
78
79
91
81
84
50
78
82
70
75
71
79
71
45
71
67
75
71
75
78
58
61
61
78
72
64
68
70
65
71
61
78
71
60
71
80
61
77
71
70
15
74
76
79
60
63
51
74
56
67
53
44
69
67
68
67
30
68
77
77
51
58
78
67
78
77
59
70
61
64
58
66
45
60
78
80
69
76
59
70
78
52
38
79
61
65
64
61
55
64
69
71
69
83
87
75
86
52
47
56
69
73
79
79
63
63
66
79
79
63
91
48
60
44
80
61
73
90
75
64
48
77
84
69
51
60
56
50
73
85
93
68
55
36
75
55
74
80
67
79
76
65
84
76
84
64
62
76
84
64
72
74
51
82
75
63
72
86
85
73
50
81
89
70
82
56
85
75
70
53
85
75
60
72
79
82
66
67
52
43
75
72
71
84
81
72
69
79
84
67
72
69
70
57
79
71
84
77
69
75
80
85
71
73
64
68
63
78
57
85
70
61
69
78
36
77
64
66
70
67
78
76
81
64
58
63
74
50
77
64
70
64
79
76
78
60
69
78
86
82
76
78
71
85
74
71
74
55
70
80
62
75
78
87
57
71
72
58
76
80
72
71
63
66
70
63
79
85
65
81
71
64
74
56
