70
58
65
72
79
68
72
64
66
57
54
80
82
63
80
73
58
58
73
72
73
87
72
69
63
75
73
60
73
87
81
66
59
63
66
63
59
72
79
88
42
73
53
76
55
78
86
80
33
72
60
46
90
73
85
81
68
59
77
80
53
71
62
64
88
71
90
86
66
80
59
78
85
72
77
73
32
59
80
87
74
65
79
21
51
72
82
71
81
63
78
87
86
51
81
72
66
70
52
25
80
74
82
64
69
93
77
74
80
80
73
74
79
51
62
73
80
51
79
51
37
71
78
71
73
74
70
78
81
63
71
53
58
62
82
68
56
75
65
77
73
82
62
65
81
62
72
57
92
72
77
65
76
23
72
81
38
61
81
61
74
69
81
61
82
69
85
61
63
80
49
82
78
86
74
87
78
83
63
75
71
74
70
28
69
71
80
76
83
72
73
71
59
92
54
72
81
83
70
77
62
61
56
42
84
75
76
88
62
45
81
76
58
65
69
80
45
75
90
83
78
73
61
87
69
59
89
50
74
59
69
80
84
74
92
70
60
82
92
78
75
83
72
81
58
75
73
77
74
74
80
83
75
74
62
81
81
86
67
75
82
69
63
19
75
68
78
63
79
85
63
59
74
44
76
74
75
76
76
69
58
75
74
80
74
83
66
70
26
66
64
75
68
56
