77
69
71
72
80
74
61
69
66
83
75
68
78
69
56
77
56
46
75
71
80
53
66
74
74
81
73
65
61
73
70
82
75
80
80
61
78
64
72
71
80
78
60
75
60
71
84
83
76
85
71
80
82
83
67
78
66
74
60
76
67
59
51
72
83
87
57
80
71
80
87
64
75
68
81
82
78
76
65
82
89
61
75
80
66
77
70
48
86
52
85
76
62
68
83
76
60
80
72
69
60
70
73
76
66
84
68
59
68
77
69
49
68
67
68
75
61
67
77
63
64
76
80
66
56
46
87
72
68
81
70
70
73
73
63
81
76
65
83
75
70
78
54
76
63
79
77
62
78
71
66
58
74
72
78
86
78
48
67
77
89
58
44
58
72
66
58
70
78
64
58
75
60
71
48
57
72
78
66
56
61
75
76
62
62
79
42
68
83
71
80
54
73
82
63
68
42
76
80
76
51
68
67
73
63
78
70
59
78
81
66
51
85
79
70
75
51
