74
62
50
68
70
77
79
81
78
67
81
75
56
85
82
80
91
71
64
83
86
57
84
70
70
60
68
82
64
62
76
74
54
72
77
71
85
74
82
73
79
82
80
80
79
72
77
82
77
83
64
57
59
68
78
78
59
66
67
65
78
75
79
79
75
78
80
83
94
70
67
81
45
86
82
70
66
68
67
64
82
79
70
66
79
58
47
76
81
65
66
72
65
81
76
61
74
59
55
70
83
89
77
80
73
54
53
77
73
68
62
59
71
78
80
78
79
94
68
66
75
77
89
77
83
75
76
70
84
84
89
75
62
62
76
68
69
70
61
80
66
66
83
63
75
71
80
74
81
63
75
74
84
68
59
81
71
73
86
81
74
75
80
83
80
74
71
73
78
78
56
64
76
82
87
84
61
55
73
81
52
72
63
53
82
53
79
79
94
74
74
87
77
79
85
90
66
79
71
76
81
79
75
74
74
64
71
57
81
73
69
76
69
76
75
81
70
86
58
75
88
58
69
82
76
66
76
76
71
81
72
72
77
75
76
53
65
73
69
55
76
55
78
91
78
71
74
72
81
75
81
75
76
65
73
58
64
52
70
79
79
65
76
86
41
63
80
88
68
70
58
83
70
86
73
81
72
80
56
69
73
75
79
86
76
68
92
65
79
79
77
87
79
72
76
90
70
69
59
80
75
76
75
76
79
78
82
57
57
44
87
60
80
73
53
89
90
80
75
84
74
90
81
86
58
80
65
65
