85
79
75
94
88
78
76
71
56
68
64
81
69
73
77
75
79
57
73
77
70
49
69
69
72
68
78
82
79
86
86
61
61
94
85
70
65
72
81
68
74
84
80
62
63
75
77
80
73
69
68
72
83
67
91
57
72
72
82
68
83
70
57
69
76
71
76
71
64
69
70
76
61
83
78
65
70
76
71
86
75
67
70
71
80
72
79
79
78
68
67
55
78
72
79
73
69
73
89
46
67
77
79
60
87
71
74
83
74
74
61
58
68
76
74
69
79
66
69
86
73
82
73
73
73
59
64
63
60
78
83
72
78
58
70
72
80
55
68
79
79
73
68
78
71
78
76
73
66
49
83
74
70
76
75
76
70
65
63
74
77
60
64
67
69
72
71
67
74
73
82
84
69
77
89
78
76
56
77
77
76
77
83
82
77
70
76
85
53
64
76
76
77
71
77
75
74
71
89
72
81
76
71
72
55
76
78
87
82
41
69
70
81
76
96
70
83
80
66
87
88
61
75
79
60
81
84
76
87
70
81
54
73
80
85
