75
81
79
81
79
88
89
72
77
76
77
73
71
51
82
78
55
66
80
55
29
68
69
74
74
36
79
76
78
74
71
59
83
77
59
76
56
59
73
78
74
77
67
71
77
63
40
72
80
67
90
72
86
68
75
68
80
72
72
86
75
80
85
77
74
78
89
80
79
68
73
64
29
68
65
74
90
73
67
64
77
76
73
47
73
73
53
70
78
70
82
80
72
82
65
71
57
76
88
88
84
76
74
75
81
90
80
61
74
87
77
88
61
64
83
80
70
70
76
69
53
59
63
68
68
42
96
66
83
54
66
79
65
87
67
75
70
87
71
81
86
80
62
75
75
84
84
73
69
60
65
71
63
74
76
72
57
80
80
84
78
64
69
77
84
58
80
67
76
69
81
80
75
75
82
67
65
75
78
81
72
77
77
64
70
78
70
70
87
80
67
74
90
65
82
68
43
75
26
79
74
86
76
81
79
92
78
68
70
71
33
65
78
81
73
62
89
73
86
66
57
70
71
90
80
88
85
80
84
72
76
76
66
73
62
79
81
70
74
58
74
75
68
63
70
78
73
75
76
79
70
71
82
81
93
77
74
15
72
83
64
78
82
79
63
76
77
72
68
73
68
80
72
66
80
81
64
69
57
86
71
65
56
67
90
86
73
78
82
75
66
73
76
73
79
57
78
79
77
80
90
87
79
77
74
73
67
41
83
79
57
78
79
77
80
93
76
67
70
81
79
70
80
85
57
84
68
78
74
76
75
89
65
64
63
87
83
76
73
76
72
78
