85
52
26
52
92
83
56
42
34
72
42
67
70
68
52
42
40
59
70
46
56
66
49
73
50
70
62
59
54
81
73
78
63
61
68
56
63
46
67
62
83
79
57
73
62
54
64
64
37
76
80
45
50
66
70
47
70
86
50
30
30
64
63
72
47
27
38
63
86
70
74
73
63
94
53
73
62
51
70
37
29
56
65
86
82
69
54
68
45
40
74
78
83
52
83
78
82
43
71
82
50
69
69
57
65
75
61
67
37
46
81
65
69
60
66
82
76
70
56
35
65
79
73
18
76
39
53
75
49
45
76
37
18
70
73
44
51
39
68
69
80
39
70
52
78
37
47
46
78
70
79
40
41
71
72
51
63
56
80
64
67
67
50
80
49
65
64
81
65
85
69
70
44
82
54
60
33
58
90
46
40
50
66
53
65
41
71
71
35
64
66
93
49
83
63
59
82
53
50
26
65
70
28
62
49
57
83
67
72
43
53
49
49
56
60
