60
78
78
66
50
60
73
56
79
79
45
73
71
70
60
62
31
84
63
49
62
79
47
74
72
80
75
53
68
56
49
54
69
59
87
76
47
76
82
70
72
64
53
64
64
79
69
78
66
58
65
87
58
87
65
53
66
33
80
63
67
62
78
75
65
48
62
86
50
80
72
39
26
65
58
58
46
61
48
37
74
39
80
35
50
78
82
49
71
71
71
67
56
66
45
79
79
50
68
62
49
56
45
67
89
81
51
79
86
76
59
89
79
69
67
91
71
71
57
37
48
76
76
33
56
48
72
82
67
51
35
51
53
79
80
87
69
73
56
52
47
31
68
80
70
61
60
75
67
73
69
68
81
76
53
76
46
31
51
76
74
31
53
66
61
63
53
70
68
62
73
55
84
88
88
53
54
69
32
62
71
76
60
63
73
86
81
86
52
46
76
65
46
77
54
78
53
59
62
77
74
63
59
46
55
75
85
44
69
64
74
65
68
37
74
84
79
80
56
67
81
77
65
69
65
54
66
43
61
61
66
59
55
78
70
72
74
70
66
56
49
66
52
42
44
58
56
66
76
49
39
