72
71
64
70
59
86
73
58
78
63
56
87
62
79
49
41
59
62
53
78
46
50
56
71
71
38
39
47
80
48
62
81
50
65
91
72
71
41
47
75
59
88
88
73
86
74
65
81
41
79
65
73
68
77
55
67
64
34
58
54
76
76
70
75
79
58
56
78
55
74
83
64
75
21
64
74
58
69
45
53
55
45
70
79
53
70
87
47
65
41
58
54
68
48
76
59
70
46
76
84
52
61
52
72
60
66
76
50
97
77
39
82
76
18
67
41
41
65
28
70
30
84
46
69
48
75
73
55
80
60
59
89
64
67
46
67
46
81
51
49
59
76
53
69
52
81
78
76
56
71
88
71
59
21
77
58
83
57
85
84
62
74
67
68
72
43
70
40
