81
78
55
45
86
44
83
66
65
61
70
78
72
86
80
37
68
74
65
43
80
68
63
73
61
77
70
63
80
95
70
64
36
69
74
38
75
75
84
64
74
79
49
83
75
79
79
74
69
73
48
81
69
71
81
73
74
70
71
62
59
31
83
81
49
85
57
66
85
83
67
67
80
75
82
59
77
84
88
80
57
85
35
86
58
60
94
76
65
66
86
62
59
53
59
66
62
88
47
72
91
68
84
67
44
45
72
92
89
71
83
77
79
57
72
56
69
61
53
84
48
67
84
89
76
82
54
61
63
74
87
74
72
78
74
64
78
82
85
40
58
75
53
93
71
70
66
90
77
84
62
91
79
56
70
64
73
83
81
64
64
69
60
72
73
52
77
66
41
81
