71
71
77
71
62
69
42
51
59
71
68
74
64
75
80
75
65
71
86
88
81
65
65
75
84
61
72
88
78
54
36
88
81
66
66
85
80
59
29
69
64
90
70
77
77
80
64
70
79
54
75
65
39
60
80
69
86
64
72
70
84
76
62
56
80
79
87
80
85
89
72
82
83
76
77
59
72
95
78
70
57
55
62
76
80
84
82
58
80
32
84
72
72
80
81
60
67
57
75
60
84
80
76
74
76
72
64
70
52
82
74
60
68
56
62
52
83
65
85
76
54
48
65
70
77
83
92
62
71
72
69
65
84
80
71
74
91
54
71
80
64
67
57
81
74
75
38
86
72
44
67
76
53
58
86
71
89
82
46
66
75
61
86
80
59
73
80
70
77
69
74
48
71
72
75
78
49
73
88
80
76
86
61
62
78
63
74
71
63
74
73
20
58
20
61
74
51
80
69
74
74
76
66
77
77
74
72
65
82
65
73
64
43
