80
64
43
69
78
78
80
61
73
83
89
75
59
87
76
83
76
66
73
77
66
83
89
72
77
72
58
83
60
81
80
75
78
76
81
72
71
88
68
62
78
89
70
53
87
69
82
74
73
73
73
65
66
73
65
36
69
80
65
82
87
77
78
66
79
84
68
65
70
67
77
65
85
84
87
84
59
91
73
80
71
85
86
68
73
83
90
59
86
63
67
84
77
87
77
74
64
85
73
81
63
71
68
67
75
70
66
75
63
78
80
77
76
80
77
69
61
53
68
83
75
83
61
85
74
74
57
53
73
87
80
72
65
65
67
49
76
71
71
81
63
61
58
82
71
45
75
71
84
62
69
74
66
32
69
52
44
73
84
66
93
59
78
79
35
68
75
75
69
76
66
60
68
65
73
55
69
75
59
80
63
57
74
33
72
72
54
68
71
72
63
75
62
61
67
72
67
71
67
94
60
75
75
83
55
91
78
36
49
81
87
37
59
75
73
80
46
71
83
61
67
48
80
51
73
80
79
65
50
69
30
87
59
74
77
66
72
77
86
48
79
66
53
61
34
68
63
86
78
69
70
76
74
63
53
71
71
74
79
71
78
69
76
85
75
57
49
88
60
76
80
58
78
72
63
60
72
33
62
59
74
65
80
77
66
65
87
78
53
49
64
56
71
80
75
62
86
61
69
66
63
78
70
68
72
65
73
71
70
77
66
55
63
69
78
57
73
76
76
64
68
65
75
66
