70
41
81
72
67
62
75
71
85
87
42
71
74
79
78
62
77
82
86
82
49
57
55
66
79
33
66
66
33
72
77
74
75
71
69
67
61
84
62
64
80
79
72
70
68
67
88
85
71
78
56
73
72
84
76
61
62
72
84
67
82
73
81
61
64
46
76
88
70
79
84
80
83
86
86
65
77
83
65
64
70
85
84
69
71
77
67
76
63
82
70
77
70
72
66
52
56
52
70
67
77
82
59
64
66
87
53
65
82
79
59
43
43
79
78
86
76
66
78
84
73
83
77
70
82
86
62
83
78
75
86
73
72
77
80
69
77
71
79
85
80
76
74
69
81
71
53
77
77
85
74
92
69
63
69
73
71
68
57
50
68
69
56
73
83
70
78
58
78
65
59
54
66
78
61
78
86
60
76
81
71
77
68
64
79
71
53
82
76
77
77
78
60
55
42
73
89
75
74
73
70
72
72
66
87
84
77
79
55
70
66
63
83
57
77
73
57
84
81
79
72
74
67
80
76
73
76
82
80
82
85
73
78
47
77
68
77
68
76
84
63
74
64
85
83
61
73
74
49
71
76
33
68
77
80
72
80
65
75
65
76
46
76
78
69
68
79
72
73
75
60
82
49
55
75
59
69
81
48
73
79
68
66
81
79
69
63
64
83
57
70
63
58
77
66
78
78
79
59
68
53
73
69
80
59
86
61
70
62
75
59
57
46
61
56
66
63
65
