78
99
73
75
79
60
62
56
61
76
80
75
85
78
61
61
75
75
79
67
70
72
69
76
66
76
69
85
77
81
73
84
71
90
80
79
74
79
73
86
51
60
76
76
77
73
60
84
72
67
77
77
64
68
69
78
79
89
72
86
77
82
73
89
69
89
67
77
85
84
75
75
73
68
83
82
81
69
35
84
61
89
82
85
66
70
83
76
84
77
88
87
59
62
80
90
83
70
68
81
81
77
78
76
76
85
72
65
48
70
74
86
85
66
76
80
54
77
71
80
76
52
72
84
73
78
77
76
91
79
69
90
64
79
77
77
80
72
84
76
80
72
84
86
66
68
76
56
85
86
83
73
69
82
71
81
62
76
77
76
82
58
71
82
63
73
74
72
72
75
54
85
77
86
84
91
76
72
78
81
68
76
73
64
73
72
78
79
80
70
69
51
77
75
79
71
76
74
61
85
78
69
75
75
81
86
78
85
90
94
75
87
87
51
89
87
77
77
