83
82
81
65
73
65
67
54
55
82
69
72
76
52
61
83
80
62
72
68
67
86
63
63
81
80
73
69
61
74
63
75
75
70
72
80
85
79
45
69
77
73
80
72
81
83
55
84
62
84
80
82
68
52
72
62
73
76
75
78
79
78
56
73
76
60
82
74
85
79
82
85
82
78
76
80
84
90
78
80
76
80
78
82
67
69
79
47
66
84
70
83
74
81
81
76
61
73
68
72
61
66
55
85
58
81
67
69
79
68
71
66
71
73
79
66
82
72
82
67
58
72
73
73
74
72
75
81
66
75
73
47
89
78
84
78
66
84
77
74
67
81
75
74
74
73
85
75
63
43
68
69
82
73
80
60
62
80
72
83
73
65
84
73
77
82
62
52
86
57
80
51
46
86
79
62
76
70
82
73
73
85
66
65
80
50
54
80
84
77
82
67
56
49
85
50
65
53
61
91
78
48
65
54
61
75
82
87
30
72
66
69
75
61
70
76
78
81
82
65
85
64
65
73
60
82
75
61
65
70
61
68
71
73
54
53
73
66
73
65
88
81
80
93
74
74
77
75
56
77
85
79
80
74
52
80
66
69
62
63
