61
85
30
56
82
82
50
70
65
69
63
90
60
75
49
83
72
64
68
80
79
73
71
56
48
63
45
74
83
78
56
71
32
71
74
73
75
80
80
60
57
69
77
69
68
88
75
77
63
83
66
78
85
57
72
44
81
59
66
76
65
85
77
69
80
62
47
70
47
76
71
81
68
60
85
84
79
76
77
58
81
78
78
94
84
75
78
55
66
89
66
62
79
83
74
52
76
85
79
62
74
51
50
84
51
69
75
86
84
61
66
71
87
80
39
89
69
62
76
78
65
61
68
93
72
70
54
68
71
62
61
92
70
38
46
72
50
71
88
56
55
85
89
54
84
53
51
66
69
76
88
46
54
75
94
44
58
80
58
51
58
51
83
81
80
43
67
81
71
75
69
88
88
73
78
60
57
86
79
60
33
79
74
45
60
89
90
88
61
69
62
86
