63
70
57
64
69
51
73
72
28
75
61
62
66
81
72
69
89
75
53
56
90
89
71
46
75
80
25
60
94
60
56
73
72
72
86
71
76
78
60
89
62
62
51
92
84
61
51
75
62
61
90
70
60
55
80
84
75
75
72
69
82
51
54
72
63
77
59
63
80
43
82
78
61
65
76
62
66
74
40
83
83
62
72
70
69
83
73
62
88
69
44
69
89
80
73
63
87
57
55
69
85
44
61
71
92
48
88
72
85
66
86
60
42
42
65
82
79
63
84
56
66
68
88
68
44
83
83
76
73
84
64
86
68
35
77
77
74
87
61
75
83
59
74
80
79
71
79
40
64
71
79
79
78
70
80
66
70
66
85
73
64
61
36
72
57
83
70
48
70
53
65
76
62
71
73
80
58
49
82
50
75
56
73
73
51
76
49
79
76
68
82
25
65
68
75
25
84
67
77
64
71
62
63
48
76
72
68
71
74
79
74
78
83
52
89
74
66
66
67
55
73
82
64
68
53
65
60
72
30
71
66
93
72
90
54
64
39
79
77
50
76
44
65
67
47
75
84
66
55
45
