55
47
81
70
72
59
69
65
41
35
55
76
63
92
91
54
81
43
72
40
49
65
50
43
71
51
81
62
51
78
43
66
73
63
80
94
77
71
78
70
71
56
89
58
85
75
55
77
69
80
63
78
64
73
72
96
17
87
40
82
77
73
65
53
81
80
85
60
73
74
48
43
94
59
39
72
53
79
68
86
82
85
61
38
71
63
41
77
73
76
83
75
79
55
80
78
50
44
68
96
53
72
85
63
54
62
61
51
59
51
84
81
75
68
77
64
63
38
79
76
52
56
37
79
68
82
68
83
45
82
55
56
71
83
61
62
60
90
66
56
58
58
58
59
56
57
82
63
81
55
69
77
67
66
56
69
41
70
92
65
86
89
65
80
58
72
69
52
66
75
86
69
79
53
55
74
79
80
83
71
61
79
73
49
77
67
79
71
65
