80
73
71
76
47
33
76
76
65
43
76
88
68
57
73
43
49
59
75
86
79
74
74
74
74
62
73
59
68
58
25
87
66
80
46
57
54
88
83
82
38
79
79
66
53
80
87
34
34
68
84
80
65
66
69
97
70
81
57
67
75
90
87
38
70
64
58
80
50
81
68
82
74
78
75
81
86
68
50
68
65
61
39
65
39
77
38
80
74
40
69
49
45
83
19
62
86
72
77
64
35
67
78
70
79
62
78
76
22
58
75
77
80
81
41
80
57
69
63
42
57
77
58
63
76
81
79
73
17
85
60
70
81
93
77
54
55
69
79
79
32
82
50
52
58
49
70
48
84
86
68
87
87
72
54
68
68
76
82
73
48
43
57
78
55
81
75
69
70
86
72
73
71
