38
49
53
54
71
62
77
81
34
88
44
60
71
66
78
71
57
71
76
64
89
55
70
72
60
74
79
79
77
74
84
79
63
80
93
58
62
77
65
51
47
63
63
75
51
93
68
76
29
85
90
85
68
65
53
89
62
56
81
76
38
28
45
81
89
87
68
46
29
46
60
56
63
84
77
45
82
70
80
76
76
44
42
85
65
65
49
73
64
71
92
72
65
54
46
88
62
69
54
44
66
63
67
41
82
55
68
72
82
84
79
74
55
65
53
85
83
93
44
90
59
85
48
68
68
36
39
57
83
68
69
84
60
82
52
79
70
51
70
66
50
46
44
78
56
58
75
83
65
57
56
37
69
72
56
55
71
78
71
87
77
75
77
60
51
78
69
76
80
56
75
63
45
98
66
55
50
37
87
45
58
66
68
72
67
82
43
54
80
76
72
57
80
70
63
55
43
75
83
76
60
63
72
44
52
52
78
29
81
75
84
69
59
70
89
76
88
54
72
43
55
49
78
