81
75
67
83
88
63
70
56
74
60
65
66
81
76
70
79
67
56
80
75
79
73
78
82
67
86
87
78
95
48
87
61
74
71
81
71
77
78
65
60
77
67
82
75
68
78
73
64
94
64
76
74
85
80
74
54
77
68
66
50
72
71
78
77
75
67
78
75
79
83
64
81
69
88
78
72
89
86
79
76
85
74
72
74
80
74
80
75
74
67
86
72
69
80
81
88
77
71
71
65
72
79
71
70
88
81
84
79
79
70
75
77
85
75
76
73
43
75
79
79
59
69
78
56
81
76
75
69
74
75
84
78
65
79
77
68
78
71
70
69
77
69
57
62
70
72
65
85
72
85
66
74
90
93
73
71
81
57
78
77
74
82
80
74
83
60
78
77
75
78
66
66
85
79
75
74
79
74
63
78
50
81
66
82
73
96
65
65
85
73
65
68
64
87
79
81
38
85
76
54
78
59
66
69
48
71
79
