64
77
76
86
75
72
83
84
84
73
68
78
89
70
68
80
91
82
76
78
85
74
83
77
74
86
78
61
64
85
77
70
88
70
83
65
92
81
70
68
72
70
58
73
58
80
67
72
75
76
80
56
86
58
57
75
68
70
59
77
83
64
65
76
77
73
83
83
82
74
68
69
81
89
82
84
74
76
58
83
79
78
80
84
81
71
77
77
80
88
68
58
78
82
74
95
83
92
89
71
75
80
88
81
75
72
81
80
82
82
73
92
80
78
77
74
72
82
73
76
76
56
79
76
70
83
87
79
79
50
83
86
66
82
72
80
74
50
74
83
76
83
87
74
86
80
79
79
83
76
82
88
78
64
72
79
95
80
63
77
75
81
76
63
86
92
89
82
81
86
81
87
63
