71
81
53
67
59
52
67
59
77
75
57
79
67
84
87
48
40
74
57
82
76
90
74
92
72
71
68
82
65
77
74
81
83
80
86
65
57
35
80
70
65
57
35
80
70
39
79
55
56
84
56
96
52
82
71
65
77
62
22
88
70
69
79
89
75
69
63
63
72
80
49
85
87
88
66
56
49
92
67
63
36
85
71
68
50
71
82
45
81
73
68
85
89
72
66
68
85
51
81
67
58
88
75
91
76
80
65
92
66
74
49
73
62
58
92
67
81
64
44
64
26
30
72
55
94
88
77
65
53
71
54
59
61
64
76
58
62
80
86
60
77
69
61
87
58
65
63
26
84
88
61
89
71
71
58
80
83
55
74
63
65
69
76
62
76
84
66
56
44
65
25
75
76
89
82
83
48
86
68
73
74
74
80
70
73
68
76
90
24
