73
72
71
82
80
61
73
81
92
70
64
81
76
81
62
71
68
73
73
72
76
78
78
75
73
82
81
89
62
85
80
38
77
69
83
83
78
65
76
60
76
79
80
71
69
82
61
75
72
66
72
70
75
82
70
66
42
69
74
62
81
68
80
56
49
71
63
69
77
78
81
78
83
71
84
73
65
83
54
79
81
62
73
58
62
59
80
58
84
72
73
70
32
79
68
79
64
76
73
72
66
67
84
83
88
74
61
66
72
84
54
75
65
67
78
74
86
74
69
69
69
69
75
80
78
76
72
88
75
73
74
64
82
75
82
74
60
82
78
66
69
49
84
68
84
88
59
63
68
68
68
72
76
74
79
82
81
47
81
71
66
58
91
81
80
69
55
63
71
78
65
71
76
51
73
76
67
85
79
71
71
70
65
64
72
47
59
75
75
74
66
79
71
76
75
66
68
76
70
83
83
87
80
59
68
70
74
66
25
82
75
59
71
68
81
80
78
71
32
76
82
81
67
71
68
65
74
61
74
84
63
68
76
57
78
43
66
73
73
64
79
77
75
88
63
80
65
57
81
75
90
79
63
82
59
77
90
72
80
85
84
72
67
66
83
88
82
71
81
77
58
69
76
77
77
74
75
84
63
76
42
77
57
75
73
