81
83
76
81
74
65
73
91
71
82
47
71
47
70
54
60
85
89
83
43
39
79
59
82
72
68
80
72
64
83
60
69
72
87
63
61
51
72
79
75
78
84
62
33
84
71
64
74
64
85
58
53
89
80
64
63
45
77
81
86
67
61
62
73
82
88
90
61
77
56
47
49
54
72
85
60
88
46
67
70
78
76
90
63
82
64
64
48
52
70
78
76
84
89
82
51
66
83
73
83
90
59
65
54
88
78
81
74
49
79
68
79
32
83
83
73
83
73
68
60
67
54
66
53
76
76
76
43
55
87
47
61
44
65
60
84
64
72
76
69
73
80
88
79
65
38
51
70
75
58
81
45
53
61
60
84
64
72
69
67
72
79
78
75
41
61
60
86
52
38
75
80
82
67
55
77
79
92
42
47
74
70
90
88
37
79
89
69
78
72
79
56
82
55
52
77
57
85
71
77
65
71
69
83
81
85
69
68
68
52
52
67
77
77
74
68
69
68
54
52
93
59
83
64
88
74
82
76
71
74
73
65
84
73
85
79
71
58
73
71
77
80
80
67
44
80
77
77
52
68
79
35
63
70
75
49
65
25
78
