60
75
74
77
83
88
70
70
69
65
74
86
70
58
74
51
64
36
77
59
74
62
50
61
68
26
33
42
68
93
68
70
55
60
38
89
88
75
76
57
68
87
82
40
68
52
73
61
50
73
47
63
82
40
47
46
59
40
62
57
33
50
55
88
87
66
42
61
80
93
53
62
75
76
61
90
36
90
64
48
79
86
47
51
36
84
79
84
55
74
35
72
49
74
80
74
83
89
82
74
59
88
58
79
37
72
33
56
72
84
67
58
72
77
80
91
60
28
61
89
78
62
56
76
87
88
68
51
82
79
73
71
74
85
63
79
84
61
67
75
75
42
85
90
79
56
86
55
63
61
85
70
69
81
76
76
79
45
45
43
41
77
76
67
76
40
81
73
64
75
79
78
80
85
54
38
63
77
46
61
82
84
61
61
56
62
83
95
82
38
74
72
41
68
80
46
74
41
79
67
61
83
91
67
71
62
62
74
72
57
77
85
71
40
79
68
46
69
81
58
79
75
80
74
77
63
82
76
81
76
88
69
80
54
79
75
85
60
67
79
83
68
64
59
75
80
88
73
57
79
58
61
96
68
56
59
54
69
73
54
62
63
83
90
83
