60
85
82
88
58
77
84
64
63
70
50
79
71
52
52
82
79
73
53
46
54
60
49
56
87
80
68
84
77
96
69
58
88
21
66
90
77
64
55
72
35
77
48
41
55
62
77
39
84
66
81
66
55
86
37
77
78
45
94
73
76
94
73
77
61
47
78
83
89
40
76
78
79
72
48
78
26
70
78
57
85
79
81
81
57
90
89
74
59
61
67
47
90
78
66
66
63
84
84
49
91
86
45
81
77
86
60
72
60
77
71
54
80
76
55
55
79
64
45
72
62
53
78
86
47
55
89
81
75
71
76
80
64
82
86
83
60
47
67
83
71
82
44
66
72
50
68
66
74
76
70
65
78
78
82
37
72
72
72
70
77
75
49
70
39
84
59
69
71
59
61
46
87
50
70
64
52
89
35
74
68
70
73
63
61
38
79
69
84
67
77
67
76
86
95
66
55
84
60
66
72
63
71
52
81
56
62
66
51
75
58
62
82
80
65
47
45
69
69
84
75
77
70
81
84
39
81
69
79
79
84
86
77
57
68
68
84
53
49
77
75
44
59
85
84
64
82
57
68
62
78
57
67
90
52
43
71
42
81
78
