69
49
87
70
85
78
55
69
64
85
70
64
56
85
85
62
67
76
81
78
76
69
60
70
77
78
49
83
77
84
77
70
52
77
81
69
44
66
73
97
71
74
77
49
40
84
66
65
62
78
66
74
68
72
85
79
84
69
71
77
87
77
79
92
80
56
89
54
83
75
73
69
81
63
70
79
78
76
67
71
67
53
82
73
37
82
67
83
75
66
68
45
51
53
71
69
86
72
92
60
82
65
75
66
80
84
67
67
63
35
72
65
70
62
73
72
78
67
56
81
64
91
79
59
83
75
72
46
32
88
41
76
68
68
77
77
86
65
77
59
84
75
69
57
75
75
66
77
89
56
69
87
69
79
83
64
56
72
74
74
71
73
79
81
78
90
69
45
80
80
71
68
80
74
76
63
82
81
73
77
72
70
81
81
54
77
70
69
69
72
52
71
83
34
84
80
70
73
86
80
65
69
42
66
79
76
83
77
73
81
70
66
61
77
64
69
36
36
67
66
75
81
49
72
71
63
55
62
79
77
81
88
55
83
74
52
74
74
71
74
80
63
82
79
55
69
76
32
76
32
71
66
79
75
76
84
78
73
79
71
70
73
68
71
46
66
68
79
74
78
65
57
73
68
63
78
67
78
76
57
34
72
70
67
56
81
63
62
70
68
56
74
69
78
76
75
63
75
75
56
72
77
47
77
77
94
86
90
52
57
77
81
66
74
68
72
77
75
71
66
64
67
63
